Country,Forest Area (sq.km thousands) 1990,Forest Area (sq.km thousands) 2021,Marine protected areas (% of total territorial waters) 2022,Terresterial protected areas (% of total land area) 2022,Threatened Birds,Threatened Fishes,Threatened Higher Plants,Threatened Mammals,Change in Forest Area 1990 to 2021
Albania,8.0,8.0,2.8,18.6,8.0,44.0,4.0,3.0,0.0
Algeria,17.0,20.0,0.1,4.6,15.0,41.0,22.0,14.0,-3.0
American Samoa,0.0,0.0,8.7,15.8,8.0,12.0,1.0,1.0,0.0
Angola,793.0,661.0,0.0,7.0,32.0,53.0,34.0,18.0,132.0
Antigua and Barbuda,0.0,0.0,0.3,19.9,3.0,31.0,4.0,2.0,0.0
Argentina,352.0,285.0,11.8,8.7,52.0,42.0,70.0,38.0,67.0
Aruba,0.0,0.0,0.0,18.9,2.0,24.0,2.0,2.0,0.0
Australia,1339.0,1340.0,44.3,20.4,52.0,125.0,108.0,63.0,-1.0
Azerbaijan,10.0,11.0,0.4,10.2,17.0,14.0,44.0,8.0,-1.0
"Bahamas, The",5.0,5.0,7.9,36.6,10.0,43.0,7.0,5.0,0.0
Bahrain,0.0,0.0,21.1,13.0,7.0,14.0,0.0,3.0,0.0
Bangladesh,19.0,19.0,5.4,4.6,36.0,29.0,23.0,37.0,0.0
Barbados,0.0,0.0,0.0,1.3,4.0,29.0,3.0,3.0,0.0
Belize,16.0,13.0,11.0,37.5,6.0,45.0,46.0,10.0,3.0
Benin,48.0,31.0,0.0,29.6,12.0,40.0,20.0,13.0,17.0
Bermuda,0.0,0.0,0.0,2.1,3.0,27.0,8.0,4.0,0.0
Bosnia and Herzegovina,22.0,22.0,0.0,4.1,7.0,36.0,3.0,4.0,0.0
Brazil,5889.0,4954.0,26.8,30.3,175.0,93.0,558.0,80.0,935.0
Brunei Darussalam,4.0,4.0,0.2,46.9,31.0,14.0,127.0,33.0,0.0
Bulgaria,33.0,39.0,8.1,41.0,17.0,22.0,9.0,8.0,-6.0
Cabo Verde,0.0,0.0,0.0,2.9,7.0,35.0,51.0,4.0,0.0
Cambodia,110.0,79.0,1.4,39.7,31.0,48.0,37.0,39.0,31.0
Cameroon,225.0,203.0,10.9,11.0,29.0,122.0,555.0,46.0,22.0
Canada,3483.0,3469.0,9.1,12.7,24.0,44.0,18.0,18.0,14.0
Cayman Islands,0.0,0.0,0.1,10.8,3.0,31.0,22.0,1.0,0.0
Chile,152.0,183.0,41.4,21.0,35.0,27.0,73.0,19.0,-31.0
China,1571.0,2219.0,5.5,15.6,96.0,136.0,593.0,73.0,-648.0
Colombia,650.0,589.0,17.1,16.4,126.0,99.0,268.0,58.0,61.0
Comoros,0.0,0.0,0.4,33.8,14.0,11.0,9.0,5.0,0.0
"Congo, Dem. Rep.",1506.0,1251.0,0.2,13.9,42.0,94.0,148.0,32.0,255.0
"Congo, Rep.",223.0,219.0,3.0,36.8,7.0,57.0,46.0,15.0,4.0
Costa Rica,29.0,31.0,29.0,26.6,27.0,64.0,143.0,11.0,-2.0
Cote d'Ivoire,79.0,27.0,0.1,23.0,25.0,59.0,118.0,31.0,52.0
Croatia,19.0,19.0,9.0,38.5,14.0,64.0,8.0,9.0,0.0
Cuba,21.0,32.0,3.9,16.2,19.0,44.0,179.0,10.0,-11.0
Cyprus,2.0,2.0,8.6,38.7,7.0,24.0,22.0,6.0,0.0
Denmark,5.0,6.0,18.3,17.0,9.0,18.0,1.0,2.0,-1.0
Djibouti,0.0,0.0,0.2,1.6,12.0,23.0,3.0,11.0,0.0
Dominica,1.0,0.0,0.0,22.0,7.0,31.0,12.0,3.0,1.0
Dominican Republic,16.0,22.0,17.3,26.4,17.0,29.0,47.0,7.0,-6.0
Ecuador,146.0,124.0,19.1,23.4,106.0,61.0,1859.0,47.0,22.0
"Egypt, Arab Rep.",0.0,0.0,5.0,13.1,14.0,58.0,8.0,18.0,0.0
El Salvador,7.0,6.0,0.7,8.6,7.0,17.0,33.0,6.0,1.0
Equatorial Guinea,27.0,24.0,0.2,19.3,6.0,44.0,98.0,23.0,3.0
Eritrea,11.0,11.0,0.0,0.0,21.0,29.0,6.0,15.0,0.0
Estonia,22.0,24.0,18.8,21.4,9.0,5.0,0.0,1.0,-2.0
Faroe Islands,0.0,0.0,0.0,2.3,6.0,13.0,0.0,4.0,0.0
Fiji,9.0,11.0,0.9,5.4,14.0,20.0,78.0,7.0,-2.0
Finland,219.0,224.0,12.0,13.4,11.0,6.0,2.0,2.0,-5.0
France,144.0,173.0,49.8,28.4,16.0,53.0,47.0,9.0,-29.0
French Polynesia,1.0,1.0,0.0,2.0,35.0,28.0,48.0,0.0,0.0
Gabon,238.0,235.0,28.8,22.4,7.0,72.0,173.0,18.0,3.0
"Gambia, The",4.0,2.0,0.6,7.7,14.0,35.0,6.0,10.0,2.0
Georgia,28.0,28.0,0.7,11.1,14.0,11.0,63.0,9.0,0.0
Germany,113.0,114.0,45.5,37.6,11.0,24.0,36.0,5.0,-1.0
Ghana,99.0,80.0,0.1,14.8,23.0,58.0,119.0,21.0,19.0
Greece,33.0,39.0,4.5,35.2,17.0,80.0,72.0,10.0,-6.0
Greenland,0.0,0.0,4.5,41.1,6.0,9.0,1.0,9.0,0.0
Grenada,0.0,0.0,0.1,9.5,2.0,29.0,3.0,3.0,0.0
Guam,0.0,0.0,0.0,4.5,14.0,14.0,5.0,3.0,0.0
Guatemala,48.0,35.0,0.8,20.1,17.0,41.0,120.0,15.0,13.0
Guinea,73.0,61.0,0.5,37.6,20.0,76.0,70.0,30.0,12.0
Guinea-Bissau,22.0,20.0,9.0,27.1,12.0,41.0,6.0,14.0,2.0
Guyana,186.0,184.0,0.0,8.5,16.0,33.0,30.0,11.0,2.0
Haiti,4.0,3.0,1.5,8.6,17.0,30.0,93.0,4.0,1.0
Honduras,70.0,63.0,4.6,23.5,14.0,45.0,134.0,8.0,7.0
Iceland,0.0,1.0,0.4,20.8,7.0,16.0,0.0,6.0,-1.0
India,639.0,724.0,0.2,7.5,93.0,227.0,396.0,93.0,-85.0
Indonesia,1185.0,915.0,3.1,12.2,160.0,166.0,458.0,191.0,270.0
"Iran, Islamic Rep.",91.0,108.0,0.8,8.6,28.0,47.0,7.0,18.0,-17.0
Iraq,8.0,8.0,0.0,1.5,17.0,19.0,2.0,13.0,0.0
Ireland,5.0,8.0,2.3,14.4,9.0,28.0,3.0,5.0,-3.0
Isle of Man,0.0,0.0,0.0,5.5,0.0,2.0,0.0,0.0,0.0
Israel,1.0,1.0,0.0,24.5,18.0,50.0,23.0,15.0,0.0
Italy,76.0,96.0,10.6,21.6,17.0,52.0,102.0,8.0,-20.0
Jamaica,5.0,6.0,0.8,20.0,11.0,30.0,215.0,7.0,-1.0
Japan,250.0,249.0,13.9,29.7,49.0,77.0,50.0,29.0,1.0
Jordan,1.0,1.0,1.0,4.5,14.0,20.0,8.0,13.0,0.0
Kazakhstan,32.0,35.0,50.7,10.0,27.0,14.0,14.0,16.0,-3.0
Kenya,39.0,36.0,0.7,12.2,44.0,74.0,243.0,30.0,3.0
Kiribati,0.0,0.0,11.8,22.4,6.0,14.0,0.0,2.0,0.0
"Korea, Dem. People's Rep.",69.0,60.0,0.0,2.4,29.0,20.0,17.0,10.0,9.0
"Korea, Rep.",66.0,63.0,2.5,17.0,33.0,28.0,31.0,12.0,3.0
Kuwait,0.0,0.0,1.4,17.1,11.0,18.0,0.0,7.0,0.0
Latvia,32.0,34.0,16.0,18.2,11.0,6.0,0.0,1.0,-2.0
Lebanon,1.0,1.0,0.2,1.9,11.0,28.0,24.0,10.0,0.0
Liberia,85.0,76.0,0.1,4.1,14.0,64.0,53.0,24.0,9.0
Libya,2.0,2.0,0.6,0.1,8.0,32.0,7.0,10.0,0.0
Lithuania,20.0,22.0,25.6,17.1,10.0,6.0,1.0,2.0,-2.0
Madagascar,137.0,124.0,0.9,7.5,37.0,111.0,1111.0,121.0,13.0
Malaysia,206.0,191.0,5.6,13.3,63.0,87.0,727.0,71.0,15.0
Maldives,0.0,0.0,0.1,2.3,0.0,24.0,0.0,2.0,0.0
Malta,0.0,0.0,7.4,30.6,5.0,22.0,4.0,2.0,0.0
Marshall Islands,0.0,0.0,0.3,11.9,4.0,18.0,0.0,1.0,0.0
Mauritania,5.0,3.0,4.2,0.6,19.0,45.0,0.0,18.0,2.0
Mauritius,0.0,0.0,0.0,4.7,12.0,21.0,91.0,7.0,0.0
Mexico,706.0,656.0,21.6,14.6,71.0,181.0,484.0,96.0,50.0
"Micronesia, Fed. Sts.",1.0,1.0,0.0,0.0,12.0,25.0,5.0,5.0,0.0
Monaco,0.0,0.0,99.7,10.2,0.0,15.0,1.0,3.0,0.0
Morocco,55.0,58.0,0.7,2.2,18.0,54.0,52.0,18.0,-3.0
Mozambique,434.0,365.0,2.1,29.5,30.0,72.0,145.0,17.0,69.0
Myanmar,392.0,283.0,0.5,6.6,56.0,53.0,61.0,49.0,109.0
Namibia,88.0,66.0,1.7,37.9,32.0,33.0,27.0,15.0,22.0
Netherlands,3.0,4.0,26.9,22.5,10.0,15.0,1.0,3.0,-1.0
New Caledonia,8.0,8.0,96.3,59.7,17.0,37.0,350.0,9.0,0.0
New Zealand,94.0,99.0,30.4,33.4,69.0,38.0,21.0,9.0,-5.0
Nicaragua,64.0,33.0,3.4,21.3,17.0,40.0,50.0,7.0,31.0
Nigeria,265.0,215.0,0.0,13.9,21.0,74.0,205.0,31.0,50.0
Northern Mariana Islands,0.0,0.0,33.2,7.7,17.0,14.0,6.0,3.0,0.0
Norway,121.0,122.0,9.8,30.5,11.0,23.0,10.0,8.0,-1.0
Oman,0.0,0.0,0.3,3.6,13.0,36.0,6.0,10.0,0.0
Pakistan,50.0,37.0,0.8,12.3,33.0,46.0,12.0,25.0,13.0
Palau,0.0,0.0,100.0,44.2,6.0,21.0,5.0,4.0,0.0
Panama,46.0,42.0,26.8,31.4,25.0,57.0,212.0,17.0,4.0
Papua New Guinea,364.0,358.0,0.1,3.7,39.0,61.0,179.0,41.0,6.0
Peru,764.0,722.0,8.0,22.5,119.0,52.0,328.0,53.0,42.0
Philippines,78.0,72.0,1.7,15.9,93.0,91.0,254.0,38.0,6.0
Poland,89.0,95.0,22.6,39.6,11.0,8.0,11.0,4.0,-6.0
Portugal,34.0,33.0,16.9,22.9,15.0,67.0,101.0,13.0,1.0
Puerto Rico,3.0,5.0,1.8,7.4,11.0,32.0,64.0,2.0,-2.0
Qatar,0.0,0.0,2.3,15.8,9.0,17.0,0.0,4.0,0.0
Romania,64.0,69.0,23.1,24.5,17.0,22.0,7.0,9.0,-5.0
Russian Federation,8090.0,8153.0,2.2,11.5,57.0,39.0,56.0,34.0,-63.0
Samoa,2.0,2.0,0.1,8.2,6.0,16.0,2.0,2.0,0.0
Sao Tome and Principe,1.0,1.0,0.0,29.3,12.0,25.0,49.0,4.0,0.0
Saudi Arabia,10.0,10.0,2.5,4.8,18.0,41.0,4.0,11.0,0.0
Senegal,93.0,80.0,1.9,26.4,19.0,58.0,14.0,19.0,13.0
Seychelles,0.0,0.0,32.8,61.5,13.0,24.0,61.0,6.0,0.0
Sierra Leone,31.0,25.0,1.6,12.7,16.0,57.0,72.0,22.0,6.0
Singapore,0.0,0.0,0.0,5.6,22.0,29.0,62.0,14.0,0.0
Slovenia,12.0,12.0,2.3,40.4,10.0,33.0,7.0,6.0,0.0
Solomon Islands,25.0,25.0,0.1,2.0,24.0,24.0,16.0,19.0,0.0
Somalia,83.0,59.0,0.0,0.0,21.0,31.0,49.0,16.0,24.0
South Africa,181.0,170.0,15.5,9.3,54.0,121.0,153.0,30.0,11.0
Spain,139.0,186.0,12.8,28.1,19.0,83.0,247.0,17.0,-47.0
Sri Lanka,24.0,21.0,0.1,29.9,16.0,57.0,297.0,30.0,3.0
St. Kitts and Nevis,0.0,0.0,4.0,22.9,3.0,30.0,2.0,2.0,0.0
St. Lucia,0.0,0.0,0.2,18.7,7.0,30.0,7.0,2.0,0.0
St. Vincent and the Grenadines,0.0,0.0,0.2,22.4,4.0,29.0,6.0,2.0,0.0
Sudan,307.0,182.0,16.0,2.3,26.0,32.0,17.0,16.0,125.0
Suriname,154.0,152.0,1.5,14.5,9.0,32.0,27.0,9.0,2.0
Sweden,281.0,280.0,15.8,15.4,11.0,15.0,5.0,1.0,1.0
Syrian Arab Republic,4.0,5.0,0.2,0.7,17.0,51.0,26.0,14.0,-1.0
Tanzania,574.0,453.0,3.0,38.4,49.0,179.0,644.0,41.0,121.0
Thailand,194.0,198.0,4.4,18.5,62.0,106.0,159.0,59.0,-4.0
Timor-Leste,10.0,9.0,1.4,16.0,6.0,13.0,2.0,5.0,1.0
Togo,14.0,12.0,0.2,28.0,13.0,38.0,13.0,13.0,2.0
Tonga,0.0,0.0,0.1,12.6,5.0,16.0,5.0,2.0,0.0
Trinidad and Tobago,2.0,2.0,0.0,30.6,5.0,37.0,50.0,2.0,0.0
Tunisia,6.0,7.0,1.0,7.9,11.0,39.0,9.0,14.0,-1.0
Turkiye,198.0,224.0,1.8,7.0,20.0,131.0,113.0,19.0,-26.0
Turkmenistan,41.0,41.0,3.0,3.2,19.0,13.0,4.0,10.0,0.0
Turks and Caicos Islands,0.0,0.0,0.1,44.4,4.0,30.0,9.0,2.0,0.0
Tuvalu,0.0,0.0,0.0,13.2,1.0,13.0,0.0,2.0,0.0
Ukraine,93.0,97.0,9.2,13.0,17.0,24.0,22.0,11.0,-4.0
United Arab Emirates,2.0,3.0,11.5,19.4,13.0,20.0,0.0,8.0,-1.0
United Kingdom,28.0,32.0,44.1,27.8,11.0,48.0,42.0,5.0,-4.0
United States,3025.0,3098.0,19.0,13.0,91.0,251.0,510.0,40.0,-73.0
Uruguay,8.0,21.0,0.8,3.7,22.0,45.0,22.0,10.0,-13.0
Vanuatu,4.0,4.0,0.0,4.2,8.0,18.0,10.0,8.0,0.0
"Venezuela, RB",520.0,462.0,4.4,56.9,52.0,45.0,86.0,35.0,58.0
Vietnam,94.0,147.0,0.6,7.6,52.0,83.0,231.0,56.0,-53.0
Virgin Islands (U.S.),0.0,0.0,0.9,14.4,3.0,29.0,17.0,1.0,0.0
"Yemen, Rep.",5.0,5.0,0.5,0.8,16.0,40.0,163.0,11.0,0.0
World,42034.0,40449.0,11.9,15.3,4584.0,8233.0,15735.0,3434.0,1585.0
East Asia & Pacific,6398.0,6649.0,18.3,17.1,1224.0,1630.0,3799.0,934.0,-251.0
Europe & Central Asia,10232.0,10576.0,10.7,14.2,678.0,1239.0,1306.0,350.0,-344.0
Latin America & Caribbean,10700.0,9296.0,19.4,24.1,1117.0,1716.0,5439.0,629.0,1404.0
Middle East & North Africa,205.0,230.0,1.3,5.1,290.0,672.0,374.0,228.0,-25.0
North America,6507.0,6567.0,12.8,12.3,118.0,322.0,536.0,62.0,-60.0
South Asia,826.0,900.0,0.5,8.7,253.0,397.0,794.0,252.0,-74.0
